A01: 101;102;104;121;122;125;126;127;128;141;142;181;182;183;184;186;187;188
A02: 201;202;204;231;233;235;238;251;252;253;254;255;281
A03: 301;302;303;351;352;353;354;356;357;358;360;361;362;363;364;365;366;368;370;371
A04: 401;402;404;406;407;408;410;421;422;424;425;426;427;428;441;442;443;451;452;453;454;455;456;471;473;474;475;491
A05: 501;502;504;505;506;507;508;510;511;512;513;514;515;551;552;554;555;556;557;558;559;560;561;563
A06: 601;602;603;604;605;607;608;609;611;613;621;622;625;641;651;652;661;662;663;664;671;672;673;674
A07: 701;702;703;721;751;752;753;754;755;756;757;759;760;761;762;763;764;766;767;768;769;770;771;772;773;774;775
A08: 801;802;803;804;805;806;807;808;809;810;811;812;813;814;815;816;817;818;830;831;832;833;834;835;836;850;851;852;853;854;855;856;857;858;859;860;861;862;863;864;865;866;867;868;869;870;871;872;873
A09: 901;921;922;923;924;925;926;927;928;929;930;931;932;934;935;936;949;950;951;952;953;954;955;956;957;958;959;960;961;962;963;964;965;966;967;968;969;970;971;972;973;974;975;976;977;978;979;980
A10: 1001;1002;1003;1004;1005;1006;1007;1008;1009;1021;1022;1041;1061;1062;1063;1064;1065;1066;1067;1068;1069;1070;1071;1072;1073;1074;1075;1076;1077;1078;1079;1080
A11: 1101;1102;1103;1150;1151;1152;1153;1154;1155;1156;1157;1158;1159;1160;1161;1162;1163;1164;1165;1166;1167;1168;1169;1170;1171;1172;1173;1174;1175;1176;1177;1178;1179;1180
A12: 1201;1202;1203;1204;1205;1206;1207;1208;1209;1210;1211;1212;1213;1221;1241;1242;1243;1244;1245;1261;1262;1263;1264;1265;1266;1267;1268;1269;1270;1271;1272;1273;1281;1282;1283;1284;1285;1286;1287
A13: 1301;1302;1303;1304;1305;1306;1307;1308;1331;1332;1333;1334;1335;1336;1337;1338;1339;1340;1341;1342;1343;1344;1345;1346;1347;1348;1349;1350;1351;1360;1361;1362;1363;1364;1365;1366;1367;1368;1369;1370;1371;1372;1373;1374;1375;1376;1377;1378
A14: 1401;1402;1404;1405;1407;1408;1409;1410;1411;1414;1415;1416;1417;1450;1451;1452;1453;1454;1455;1456;1457;1458;1459;1460;1461;1462;1463;1464;1465;1466
A15: 1501;1503;1504;1505;1507;1508;1531;1532;1533;1535;1536;1537;1538;1539;1540;1541;1542;1543;1571;1572;1574;1575;1576;1577;1578;1579;1580;1581;1582;1583;1584;1585;1586;1587;1588
A16: 1601;1602;1606;1607;1608;1609;1610;1611;1612;1613;1614

S01: A01; A07
S02: A02; A03
S03: A04; A05
S04: A06; A08
S05: A09; A10
S06: A11; A12
S07: A13; A14
S08: A15; A16

Marseille: S01;S02;S03;S04;S05;S06;S07;S08